0.9999627
0.9994936
0.99947304
0.9990671
0.99897516
0.99893683
0.9988961
0.9986852
0.99804986
0.99798214
0.9973705
0.99726236
0.9964799
0.9959804
0.995776
0.99497235
0.994575
0.9932973
0.99143726
0.9899172
0.9888475
0.98785156
0.9873224
0.9859218
0.9854696
0.9847053
0.9833576
0.9831527
0.9814038
0.97949195
0.97934055
0.978332
0.9706896
0.96980524
0.96769863
0.96746093
0.9669201
0.95610225
0.9559239
0.95373124
0.94676036
0.94484663
0.94288677
0.9422531
0.9335473
0.9247508
0.9214659
0.91406393
0.91164005
0.9034401
0.9002477
0.89395726
0.8884724
0.886691
0.86354953
0.84664196
0.8327215
0.830973
0.8184236
0.8082264
0.80733955
0.80631554
0.80335975
0.8007008
0.7929154
0.7730143
0.76909024
0.7404552
0.7045571
0.6765624
0.6761229
0.66190624
0.6585349
0.6502767
0.64206016
0.640908
0.62996405
0.62837994
0.62576115
0.6212237
0.61773044
0.57399666
0.5561195
0.55164546
0.53827333
0.5342471
0.5323758
0.5245715
0.5147351
0.5062277
0.49088275
0.48466685
0.45183015
0.27181947